Highlights: https://x.com/i/jf/olympics/home?tabId=146086608393534080
Medals: https://x.com/i/jf/olympics/home?tabId=3657586130754261500
Events: https://x.com/i/jf/olympics/home?tabId=198149703852130080
Trending: https://x.com/i/jf/olympics/home?tabId=14847061165850485000

First event (Example format): https://x.com/i/jf/olympics/event/id/1815261360982237184

Esports World Cup 2024: https://x.com/i/events/1805971017002594304

All Main Moments:
1815261360986456065
1815261360982302720
1815261360982249472
1815261361011556352
1815261360986488832
1815261360982286337
1815261360982290433
1815261360982208512
1815261360986431489
1815261360982249473
1815261360982212608
1815261360982290432
1815261360982237184
1815261360982261760
1815261360982302721
1815261360986468353
1815261360986439680
1815261360986468352
1815261360982245376
1815261360982249475
1815261361238052865
1815261361238089729
1815261361271681024
1815261361271676928
1815261361238122497
1815261361271656450
1815261361238073344
1815261361275904000
1815261361275863040
1815261361238102017
1815261361288388608
1815261361238093824
1815261361271611392
1815261361271668736
1815261361661677568
1815261361657516033
1815261361624006656
1815261361657503744
1815261361238155264
1815261361271709696
1815261361238114304
1815261361271656448
1815261361271668738
1815261361271672832
1815261361623957505
1815261361657511936
1815261361623949312
1815261361657552897
1815261361657589761
1815261361623994368
1815261361657561089
1815261362009817088
1815261361972060160
1815261364006387712
1815261364006404096
1815261361972121600
1815261361976262656
1815261364006350848
1815261364039946240
1815261361972158464
1815261361976295425
1815261364044140544
1815261371149287424
1815261362269954048
1815261362223710208
1815261362257362946
1815261362223738880
1815261362253070337
1815261362668326912
1815261362253189120
1815261362253135872
1815261362223722496
1815261362634838017
1815261362668351488
1815261362668421120
1815261362223726592
1815261362223788032
1815261362253070336
1815261362634833921
1815261364006404097
1815261364039864320
1815261364039962624
1815261364039958528
1815261367160422400
1815261367160524800
1815261367160434689
1816787716501065729
1816787716501118976
1816787716501053440
1815261367747637248
1815261367747637249
1815261367747665920
1816789534970986496
1816789534970892288
1816789534970953728
1815261367747723264
1815261367869337601
1816792752358588416
1816792752358600705
1816792049414238208
1816792049414180864
1815261366975926272
1815261367160426497
1815261366950699008
1815261367751905280
1815261364039929858
1815261362005696512
1815261362009907200
1816749265042948096
1816749265042952193
1816749265042960384
1816749265042993152
1816749265043034112
1816749265043050497
1816749265043050498
1816749265047142400
1816749265047224320
1816749265047236609
1816749265298788352
1816749265298817024
1816749265298817025
1816749265298821120
1816749265298829313
1816749265298845696
1816749265298845697
1816749265298857984
1816749265298857985
1816749265298866176
1816749265298870272
1816749265298870273
1816749265298870274
1816749265298886656
1816749265298894848
1816749265298898944
1816749265298898945
1816749265303015424
1816749265303023616
1816749265303040000
1816749265571479552
1816749265571504128
1815261363700203520
1815261363733676032
1815261363737944064
1815261363737972736
1815261363733749760
1815261363733757953
1815261363737866240
1815261363737972737
1815261363704360960
1815261363733688320
1815261363733762048
1815261363737935872
1815261363704381440
1815261363704418304
1815261363733741568
1815261363733757952
1815261366308962305
1815261366309072896
1815261366313172993
1815261366321627136
1815261366309044225
1815261366313177088
1815261366321655808
1815261366975934464
1815261367160418304
1815261367160426496
1815261367160496130
1815261367164678145
1815261367869284352
1815261367865143296
1815261368578191360
1815261368578113536
1816754300560740352
1816754300560740353
1816754300560760832
1816754300560769024
1816754300560769025
1816754300560773120
1816754300560781312
1816754300560781313
1816754300560805888
1816754300560818176
1816754300560822272
1816754300560822273
1816754300560838657
1816754300560846849
1816754300564967424
1816754300565004288
1816754300812460033
1816754300812468224
1816754300812472320
1816754300812488704
1816754300816592896
1816754300816596992
1816754300816596993
1816754300816613376
1816754300816633856
1816754300816654336
1816754300816658432
1816754300816658433
1816754300816662528
1816754300816666624
1816754300816683008
1816754300816695296
1815261365520437248
1815261365524631552
1815261365524697089
1815261365977640961
1815261365491142656
1815261365491167232
1815261365977726977
1815261365986062337
1815261365491113986
1815261365520437249
1815261365977632768
1815261365977698306
1815261365520486400
1815261365524652032
1815261365977669632
1815261365977698305
1815261366929760256
1815261366963343360
1815261366975864832
1815261366975922176
1815261366975950849
1815261366929784832
1815261366950739968
1815261366959120384
1815261367160406016
1815261367160418305
1815261367160434688
1815261367160524801
1815261367869243392
1815261367865061376
1815261368578138112
1815261368578113537
1815261362257383424
1815261362223800320
1815261362223775745
1815261362219614208
1815261362269913088
1815261362248974337
1815261367865155585
1815261367865147393
1815261364039872514
1815261364044124160
1815261361661747200
1815261361657540608
1815261361976258560
1815261362009817089
1815261361976299520
1815261361972117505
1815261362634788864
1815261362634797056
1815261362634838016
1815261362664194048
1815261362668339200
1815261362668367872
1815261362668380160
1815261362668408832
1815261362668417024
1815261362668421121
1815261362668421122
1815261362869669888
1815261362869690368
1815261362869694464
1815261363192631297
1815261363196899328
1815261365394685952
1815261365423992832
1815261365424062464
1815261365428158464
1815261365428248576
1815261365428256769
1815261365432410112
1815261365486915584
1815261365977694208
1815261365981868032
1815261365981892608
1815261365986062336
1815261367743434752
1815261367747641345
1815261367747710977
1815261367751819264
1815261367865147392
1815261367865147394
1815261367869255680
1815261362865524736
1815261362869653505
1815261362869661696
1815261362869665792
1815261362869669889
1815261362869694465
1815261362869714944
1815261362869714946
1815261362869719040
1815261362869735424
1815261362869743616
1815261362869743617
1815261362869747712
1815261362869751808
1815261362873888768
1815261362873929728
1815261365491077120
1815261365491113985
1815261365520519168
1815261365524697088
1815261365524721664
1815261365528829953
1815261365528854528
1815261365528915969
1815261365981921281
1815261366317449216
1815261366321561600
1815261366321602560
1815261367160483840
1815261367164665856
1815261367160504320
1815261367160512512
1815261367865114624
1815261367865126913
1815261367869296640
1815261361628233728
1815261361976287232
1815261361976324096
1815261361972051968
1815261362274070528
1815261362274041856
1815261362668339201
1815261362634825728
1815261363700125697
1815261363733688321
1815261364039872513
1815261364006309888
1815261364287422465
1815261364287393792
1815261364291584000
1815261364895539200
1815261365424062466
1815261365428187138
1815261365981908992
1815261365977722880
1815261365981827073
1815261365977640960
1815261432499388416
1815261432499376129
1815261367160483841
1815261367160471554
1815261367747727360
1815261367747629056
1815261367865155584
1815261367865049089
1815261367865114625
1815261367865065472
1815261361624039424
1815261363704389632
1815261362869735426
1815261364287328257
1815261364287336448
1815261367747723266
1815261366929723392
1815261366959157248
1815261366967468032
1815261366975881216
1815261366929723393
1815261366959079424
1815261366938161152
1815261366963277824
1815261361623957504
1815261361623928832
1815261361657593856
1815261361657581568
1815261361976311808
1815261362257342464
1815261363704328192
1815261364035747840
1815261364287422466
1815261365394714624
1815261365977649152
1815261366317469696
1815261366313246720
1815261366929768448
1815261367160496129
1815261367160471553
1815261364039876608
1815261364044148736
1815261364039954432
1815261364006371329
1815261364048334848
1815261368582336512
1815261368578117632
1815261364287389696
1815261364291620865
1815261364287393796
1815261364287426560
1815261364287344641
1815261364287328256
1815261364287393793
1815261368573968384
1815261368578125825
1815261364287336450
1815261364287365121
1815261364287336449
1815261364287344642
1815261364287369216
1815261365423980545
1815261365432381440
1815261365394624512
1815261365528862720
1815261368573997056
1815261368578084864
1815261365491146752
1815261365981827072
1815261365977673729
1815261365977731072
1815261368578154496
1815261368578142208
1815261367747624960
1815261367747665921
1815261367747694592
1815261367747706881
1815261367743496192
1815261367747706880
1815261367747710976
1815261367747719168
1816392603199221760
1816392603203432448
1816392603203506176
1816392603199328256
1816392603203420160
1816392603203424256
1815261369698033666
1815261369802846211
1815261369802907648
1816611563509309441
1815261369802829825
1815261369802895360
1815261377130315776
1816614112639561729
1815261369802838016
1816611563798753280
1816614112643674112
1816614112899518464
1815261368578138113
1815261369693802496
1815261369698013184
1816614112891125760
1815261364824223744
1815261364287365120
1815261372722069504
1815261365394616320
1815261372302733312
1815261372311093248
1815261364828434432
1815261364891369472
1815261365394702336
1815261365428178944
1815261372306849792
1815261372306931712
1815261372311056384
1815261372717879296
1815261364819992576
1815261364824240128
1815261364824252418
1815261364824264705
1815261364828459009
1815261364832600064
1815261364861952000
1815261364891332608
1815261364891398144
1815261364920721408
1815261364924952576
1815261372168445952
1815261372302667776
1815261364824203264
1815261364824252417
1815261364891344896
1815261364920733698
1815261372118138880
1815261372147486720
1815261372147511296
1815261372302680064
1815261372306919424
1815261364824211456
1815261364887130112
1815261364920692736
1815261364920733696
1815261372147445760
1815261372147458050
1815261372151627776
1815261364832669696
1815261364891361280
1815261364920709120
1815261372302659584
1815261361976254464
1815261361976340480
1815261362001465344
1815261361976295424
1815261366317363200
1815261366313213952
1815261367869259776
1815261366321565697
1815261367865102336
1815261366317367296
1815261366313275392
1815261366309060608
1815261366309011456
1815261366313172992
1815261369660325888
1815261369664446464
1815261369664491521
1815261369697992704
1815261369702187008
1815261369698021376
1815261369664491520
1815261369697992705
1815261373925879809
1815261373930131457
1815261373930123265
1815261373934227456
1815261374605369346
1815261374605340675
1815261374831841282
1815261375716831233
1815261361657516032
1815261368867577856
1815261368867549185
1815261368867590144
1815261368867504128
1815261368863309824
1815261368867590145
1815261371149238273
1815261368578084865
1815261368867598337
1815261371157688320
1815261368867504130
1815261371149217792
1815261371149205505
1815261368867569664
1815261368867602432
1815261368867606528
1815261371463798784
1815261371463766016
1815261371463823362
1815261368867516417
1815261371463823360
1815261378682195970
1815261370352279555
1815261369215664128
1815261369224060928
1815261370352349185
1815261369165332480
1815261370352295936
1815261369215713280
1815261370352320513
1815261376773840896
1815261376773763074
1815261371149205504
1815261373707759617
1815261371149205507
1815261373707825152
1815261367865049088
1815261371149287425
1815261371468066816
1815261371463876608
1815261371719618561
1815261371719667713
1815261371719639041
1815261371723874304
1815261371719618562
1815261371719655425
1815261372998930433
1815261372998901760
1815261372998946817
1815261373338693632
1815261373338615808
1815261373930049536
1815261375721091072
1815261373925920768
1815261370905931777
1815261371149307904
1815261370348085248
1815261370352275457
1815261370352275458
1815261370352320514
1815261370352324608
1815261370352336897
1815261370352340992
1815261370352340995
1815261370352365568
1815261370352377857
1815261370356531200
1815261370570412032
1815261370574577664
1815261370574630912
1815261370574639104
1815261370574684160
1815261373707735041
1815261373707747328
1815261373707788289
1815261373707796480
1815261373707816960
1815261373707816961
1815261373930094592
1815261374253019137
1815261374605299714
1815261374605320192
1815261374605320193
1815261374605361152
1815261375716900864
1815261375716868096
1815261375905599489
1815261375905570816
1815261372998885376
1815261372998942721
1815261372998950913
1815261372998971393
1815261373338628097
1815261373338628099
1815261373338656768
1815261373338664960
1815261373338669056
1815261373338669057
1815261373338681344
1815261373338685440
1815261373338693633
1815261373338693634
1815261373338710016
1815261373338722304
1815261373925847041
1815261373925900288
1815261373925904384
1815261373925904385
1815261373930033152
1815261373930041344
1815261373930123264
1815261373934239745
1815261374831812608
1815261374831894531
1815261374836027392
1815261374836031488
1815261375721041921
1815261375720984576
1815261375905538049
1815261375905533952
1815261369802817538
1815261369807032320
1815261369802895361
1815261369802846210
1815261374831828993
1815261374836060160
1815261374831894530
1815261374831853568
1815261369698000897
1815261369698033664
1815261369161179136
1815261369165365248
1815261369219899393
1815261369219891200
1815261369219907585
1815261369224069120
1815261370574573568
1815261370574573569
1815261370574594048
1815261370574602240
1815261370574602241
1815261370574606336
1815261370574606337
1815261370574610432
1815261370574614528
1815261370574614529
1815261370574639105
1815261370574643200
1815261370574643201
1815261370574655488
1815261370574684161
1815261370905960448
1815261372998881280
1815261372998885377
1815261372998918145
1815261372998922241
1815261372998942720
1815261372998946816
1815261372998971392
1815261372998983680
1815261373707735042
1815261373707771904
1815261373707788288
1815261373707800576
1815261374831853569
1815261374831857665
1815261374831796225
1815261374835982336
1815261375721062400
1815261375721013248
1815261375716888576
1815261370905931776
1815261370905935872
1815261370905935873
1815261370905972736
1815261370905972737
1815261370905972738
1815261370905985024
1815261370906009600
1815261370906013697
1815261370906013698
1815261370906017792
1815261370906017793
1815261370906025984
1815261370910126081
1815261370910162944
1815261370910179328
1815261372717887489
1815261372717916160
1815261372717940737
1815261372722081792
1815261372722171904
1815261372998918144
1815261372998950912
1815261372998955008
1815261373707735040
1815261373707751424
1815261373707829248
1815261373707833344
1815261374831796227
1815261374836006912
1815261374831828994
1815261374835990528
1815261375716872194
1815261375716872193
1815261375721037824
1815261368867545089
1815261369165381632
1815261369161105408
1815261369664475136
1815261369702195203
1815261370352365569
1815261370352349184
1815261370352279553
1815261371149238272
1815261371149299712
1815261371149217793
1815261371149279232
1815261371468070914
1815261371463794688
1815261371463831552
1815261371719659522
1815261371719655424
1815261372118142976
1815261372717948928
1815261372722110464
1815261373338624000
1815261373338624002
1815261373338628096
1815261373338656769
1815261373930131456
1815261373934292992
1815261374605373441
1815261374605402112
1815261374605320194
1815261374605369344
1815261374605340673
1815261374605389825
1815261374605348864
1815261374605340672
1815261374605303808
1815261374605299712
1815261371467960320
1815261374253010944
1815261373925875712
1815261375720984577
1815261369215635456
1815261371157606400
1815261369664442368
1815261371463806976
1815261372302696448
1815261374831841280
1815261375721041920
1815261375721054209
1815261375716818944
1815261375721082881
1815261375721054208
1815261375721082880
1815261371719684096
1815261372717977600
1815261373338624001
1815261373707759616
1815261373707829249
1815261373934239744
1815261373930074112
1815261374605299713
1815261368578117633
1815261368578166784
1815261368574001153
1815261368863404032
1815261369165402112
1815261369693851648
1815261370905997313
1815261371468001280
1815261371149238274
1815261371463794689
1815261371463847936
1815261371463823361
1815261371463864320
1815261372722073600
1815261372998922240
1815261372998901761
1815261373338685441
1815261375905615872
1815261375905562625
1815261375905603585
1815261375905574913
1815261371463835648
1815261371463786496
1815261371463766017
1815261371463847937
1815261375905554432
1815261371719639042
1815261371719622656
1815261371719684097
1815261371719688192
1815261371719684098
1815261371719720960
1815261375905603586
1815261375905538048
1815261375905562624
1815261371719680000
1815261372717940736
1815261372722069505
1815261372717887488
1815261372717957120
1815261372717957122
1815261375905615873
1815261375905554433
1815261375905566720
1815261368578125824
1815261369664430080
1816611563509272576
1816614112643665920
1815261368578142209
1815261369693806592
1815261369697964032
1815261369802883072
1815261369802846209
1815261377130332160
1816611563798667264
1816614112643731456
1815261368573972480
1815261369802817537
1815261369802866689
1816611563509370881
1815261369802817536
1815261369802907649
1816611563798659072
1816614112891224065
1815261377130356736
1816611563509280770
1816611563798736896
1816614112891170816
1815261377130307585
1816611563509313536
1816614112639512576
1816614112643747840
1815261369802936320
1815261377130319873
1815261377130360833
1816614112891142144
1815261374605348865
1815261374605369345
1815261374605373440
1815261374831837184
1815261364287389697
1815261364820021248
1815261364824215552
1815261364824281090
1815261364828377088
1815261365394604033
1815261365394632704
1815261365428207616
1815261365432373248
1815261372302626817
1815261372302708736
1815261372302725120
1815261372306849794
1815261372306878464
1815261372717858818
1815261372717871104
1815261372717957121
1815261372722163712
1815261364824252416
1815261364832653312
1815261364891402240
1815261364920684544
1815261364920750080
1815261364924944384
1815261371719659521
1815261371719667712
1815261371719680001
1815261371719708672
1815261372113891329
1815261372113920000
1815261372113932288
1815261372147458048
1815261372147499008
1815261372164222976
1815261364828377089
1815261364920651776
1815261364920729600
1815261364924923904
1815261372113956864
1815261372147458049
1815261372147482624
1815261372147482626
1815261372147503104
1815261372155887616
1815261372302725121
1815261372306878465
1815261372306890752
1815261372306903040
1815261372306927617
1815261368867545090
1815261369802866688
1815261368867516416
1815261369215705088
1815261369161117696
1815261369219866624
1815261369802829824
1815261370352377856
1815261370352336896
1815261369215614976
1815261369161109504
1815261369215631360
1815261374831792128
1815261375721095168
1815261370905997312
1815261371145076737
1815261371149246464
1815261371149279233
1815261371149201408
1815261371145052160
1815261376773750785
1815261376773763072
1815261376773771265
1815261376773816320
1815261376773828608
1815261376777965570
1815261376773808129
1815261376773779456
1815261381232320512
1815261381236539392
1815261381232349184
1815261381232365568
1815261381890834432
1815261381886631937
1815261382121562113
1815261382121533442
1815261368863391744
1815261368867586048
1815261377130266624
1815261377130373120
1815261378682241024
1815261377130283008
1815261377130319872
1815261377130315779
1815261378682179584
1815261378682245121
1815261378678046720
1815261377558085633
1815261377558134785
1815261377558134784
1815261378682179585
1815261378682195968
1815261378682261504
1815261368867545088
1815261368867549184
1815261375905574915
1815261375905615874
1815261376413093888
1815261376413085696
1815261376375345152
1815261376413081600
1815261376375361536
1815261376417239040
1815261377130274816
1815261377130278912
1815261376773869568
1815261377130373121
1815261376773750784
1815261377130315780
1815261379059687424
1815261379059740672
1815261379059752960
1815261379059716097
1815261378682220545
1815261379059646464
1815261379059699712
1815261379059654656
1815261379059671040
1815261379059712000
1815261379059658753
1815261379063865344
1815261379256840192
1815261379256868864
1815261379261083648
1815261379256799234
1815261379256836097
1815261379261071361
1815261379261001728
1815261379261001729
1815261380540301312
1815261380544507905
1815261382121521152
1815261382121521154
1815261382121549824
1815261382121574401
1815261382117376001
1815261382121562112
1815261382121590785
1815261382121598979
1815261381886693376
1815261381232345088
1815261378682277888
1815261378682245122
1815261381886615552
1815261377553944576
1815261377553997824
1815261377558085632
1815261377558085634
1815261377558093824
1815261377558093825
1815261377558110208
1815261377558126592
1815261377558126593
1815261377558151168
1815261377558151169
1815261377558155265
1815261377558155266
1815261377558163456
1815261377558179840
1815261377558192128
1815261381232308225
1815261381232336896
1815261381232373760
1815261381236490240
1815261381236498432
1815261381236502529
1815261381236568064
1815261381236596736
1815261381886631936
1815261381886648322
1815261381886676992
1815261381886722048
1815261382486499328
1815261382486433793
1815261382696144896
1815261382696169473
1815261380334792704
1815261380338909184
1815261380338917376
1815261380338921472
1815261380338921474
1815261380338950144
1815261380338950145
1815261380338958336
1815261380338962433
1815261380338978816
1815261380338987009
1815261380338987010
1815261380339003393
1815261380339015680
1815261380343144449
1815261380343169024
1815261381232304128
1815261381232308224
1815261381232361472
1815261381232373761
1815261381236531201
1815261381236555776
1815261381886640129
1815261381886668800
1815261381886611456
1815261381886644225
1815261381886648321
1815261381886681088
1815261382486405120
1815261382490640384
1815261382704611328
1815261382700417024
1815261377126113280
1815261378417983488
1815261377130283009
1815261378422128640
1815261378418024449
1815261378418016256
1815261378422177792
1815261378422190080
1815261382121525249
1815261376413085697
1815261376417329152
1815261376375336961
1815261376417275904
1815261376375300096
1815261376417280001
1815261377658748928
1815261377658761216
1815261377658765312
1815261377658765314
1815261377658769409
1815261377658769410
1815261377658777600
1815261377658798081
1815261377658826753
1815261377658826754
1815261377658839040
1815261377658839041
1815261377658847232
1815261377658847233
1815261377658855425
1815261377658867712
1815261380540248064
1815261380540276736
1815261380540325889
1815261380540329984
1815261380540334081
1815261380544430082
1815261380544483328
1815261380544528384
1815261381152604161
1815261381152653313
1815261381152698368
1815261381156839424
1815261381886644224
1815261381890854912
1815261381886660608
1815261381886676993
1815261382121598978
1815261382121570305
1815261382121590784
1815261377658761217
1815261377658798080
1815261377658826752
1815261377658855424
1815261378417917952
1815261378417930240
1815261378417946625
1815261378417995776
1815261378418008064
1815261378418008065
1815261378418024448
1815261378418036736
1815261378422112256
1815261378422124544
1815261378422132736
1815261378422161408
1815261380540235776
1815261380540235777
1815261380540252160
1815261380540284928
1815261380540325888
1815261380540334080
1815261380544430081
1815261380544483329
1815261381152653314
1815261381152681984
1815261381152694272
1815261381156892672
1815261382117351424
1815261382121549825
1815261382121492480
1815261382121570304
1815261382486462464
1815261382490628098
1815261382486487040
1815261376773832704
1815261376778063872
1815261376773767169
1815261377130274817
1815261377558155264
1815261378422231040
1815261378682245123
1815261378682187777
1815261379059658752
1815261379063906304
1815261379059654658
1815261379261087745
1815261379256868865
1815261379256860672
1815261379978289152
1815261380338962432
1815261381152681985
1815261381152669697
1815261381152604160
1815261381152604162
1815261381152616449
1815261381152645121
1815261382486446080
1815261382486441985
1815261382691934208
1815261382696210432
1815261382696218625
1815261382696218624
1815261376375357441
1815261376773840897
1815261378686414848
1815261379261091840
1815261375905574914
1815261375905599488
1815261375905583104
1815261376417259520
1815261376778002432
1815261376773763073
1815261378418016258
1815261379059716096
1815261379256799233
1815261380540342272
1815261380544430080
1815261381152653316
1815261381152673792
1815261381236543488
1815261381886652416
1815261381886652417
1815261379059724291
1815261379059654657
1815261379059695616
1815261382700404736
1815261379063894017
1815261379059724288
1815261379256807424
1815261379256889344
1815261379256799232
1815261379256881152
1815261382691942400
1815261382691950593
1815261382691942401
1815261379260989441
1815261379256836096
1815261379261071360
1815261380339003392
1815261380339015681
1815261382696140801
1815261382704533504
1815261382700335104
1815261369802829826
1815261377130360832
1815261377130373122
1816611563509366785
1815261369802833920
1816611563509280768
1816611563513548800
1816614112891224064
1816611563798712320
1816611563798765568
1816614112639479808
1816614112891211776
1816611563509366784
1816611563798708224
1816614112643760128
1816614112899584000
1815261382486392832
1815261382486392833
1815261382486401024
1815261382486417408
1815261382486433792
1815261382486441984
1815261382486470656
1815261382490595328
1815261382490628096
1815261382490664960
1815261382490681344
1815261382704517120
1815261382121533440
1815261382121574400
1815261379802038272
1815261379802087424
1815261379802091520
1815261379802132480
1815261379802144768
1815261379806232577
1815261379806310400
1815261379806339072
1815261379974004737
1815261379974086659
1815261379978211328
1815261379978211329
1815261379802046464
1815261379802046465
1815261379802054656
1815261379802079232
1815261379802107904
1815261379806232576
1815261379806244864
1815261379806273536
1815261379978215424
1815261379978219521
1815261379978309633
1815261380338987008
1815261379802116097
1815261379802128384
1815261379806281728
1815261379806326785
1815261379974062080
1815261379974066176
1815261379974103040
1815261379974103041
1815261379974123520
1815261379978215425
1815261379978219520
1815261379978227712
1815261379978280961
1815261379978301440
1815261379978301441
1815261379978309632
1815261376375398400
1815261376413048833
1815261376773771264
1815261376773808128
1815261376413077505
1815261376413134848
1815261378682220544
1815261378682187776
1815261378682216448
1815261376417308673
1815261378682216449
1815261376413106176
1815261378682261505
1815261378686468096
1815261381152657409
1815261381156892673
1815261381152620544
1815261381152669696
1815261386651398145
1815261386651447296
1815261397086773250
1815261397090992129
1815261387616145408
1815261398093479936
1815261386647257088
1815261386647224321
1815261397086818304
1815261397086810112
1815261387616055296
1815261398609326080
1815261386647261186
1815261386647162880
1815261397086773248
1815261397086769152
1815261387620327425
1815261398605221888
1815261386647257089
1815261386647171073
1815261387351838720
1815261387335061504
1815261387611922432
1815261387582570496
1815261392775135234
1815261392775131136
1815261397086789632
1815261397086806016
1815261394217906178
1815261398093398018
1815261383035944960
1815261383040122880
1815261383040143360
1815261383040102401
1815261385380544512
1815261385380577280
1815261383035875328
1815261383035928577
1815261383035957248
1815261385380564992
1815261385380573184
1815261383035904000
1815261383040069632
1815261383040151552
1815261385380495361
1815261385485422592
1815261385485344770
1815261383526584320
1815261383526666241
1815261384088678400
1815261384088731648
1815261384449347586
1815261384449388544
1815261383530815488
1815261383530827776
1815261383543398400
1815261383530868736
1815261384449384449
1815261384940122113
1815261383530819585
1815261383543431168
1815261384449363970
1815261384453632001
1815261385384718336
1815261385380524033
1815261385384775680
1815261385384685568
1815261389440602112
1815261389436391424
1815261389436428288
1815261389436391425
1815261389440581632
1815261389436407808
1815261389436428289
1815261389436395521
1815261385485352960
1815261385485357057
1815261385485393921
1815261385485324288
1815261385485324289
1815261385485434880
1815261385485365248
1815261385485393920
1815261385963483139
1815261385963532288
1815261385963560960
1815261385963552769
1815261386059984897
1815261386060001280
1815261386060025857
1815261386064244737
1815261386768797697
1815261386768834561
1815261386768891904
1815261386768834563
1815261386768859136
1815261386773073920
1815261386768863232
1815261386768863233
1815261387997724672
1815261388001959936
1815261387997790211
1815261388790546432
1815261389436448768
1815261389046329344
1815261387997818883
1815261387997765632
1815261385380577281
1815261385384759296
1815261388207448064
1815261388207472640
1815261388207472641
1815261388232613888
1815261388786274304
1815261388790542338
1815261389042094080
1815261389046325249
1815261389042126849
1815261389042130944
1815261389436424192
1815261390459858944
1815261383904137216
1815261383904071680
1815261384088645635
1815261384088637440
1815261384088698881
1815261384088678401
1815261389440573440
1815261383526649856
1815261383543410688
1815261383530844161
1815261383526633473
1815261383530844160
1815261383530815489
1815261384449347584
1815261384449347585
1815261384449359872
1815261384449359873
1815261384449363968
1815261384449363969
1815261384449384448
1815261384449400833
1815261384449413121
1815261384449413122
1815261384453632000
1815261384453636096
1815261384646496257
1815261384650694657
1815261384650719232
1815261384948531200
1815261387335008256
1815261387335086080
1815261387335086081
1815261387335114752
1815261387339210752
1815261387351789569
1815261387351793664
1815261387351863296
1815261387997708289
1815261387997728769
1815261387997757442
1815261387997790209
1815261389042122752
1815261389046325248
1815261389042130946
1815261389042176000
1815261389042163712
1815261389436358656
1815261389436440577
1815261384646467584
1815261384646483968
1815261384646504448
1815261384646512640
1815261384646529025
1815261384646533120
1815261384646565888
1815261384646565889
1815261384650657792
1815261384650678272
1815261384650694656
1815261384650698752
1815261384650698753
1815261384650747904
1815261384650747905
1815261384650747906
1815261386768797696
1815261386768805888
1815261386768875520
1815261386768887808
1815261386768896000
1815261386773028864
1815261386773069824
1815261386773086208
1815261387997724673
1815261387997818880
1815261387997827072
1815261388001951744
1815261389042098178
1815261389042126848
1815261389042143233
1815261389042176002
1815261389440573441
1815261389436399616
1815261389440634881
1815261383899897856
1815261383899942912
1815261383899938817
1815261384088645634
1815261384088715264
1815261384449445889
1815261385380548609
1815261385380581376
1815261385384775681
1815261385485406208
1815261385485344768
1815261385963589632
1815261385963560961
1815261385963552768
1815261388786323456
1815261388786307072
1815261389046398976
1815261389042135040
1815261389042151424
1815261389042098177
1815261389436440578
1815261389440589824
1815261389436407809
1815261389436362752
1815261383899926528
1815261388207464448
1815261383899967488
1815261388790476800
1815261388790493184
1815261388790468608
1815261388790513664
1815261388790468609
1815261388790476801
1815261388786339840
1815261388790493185
1815261382704525313
1815261382691971072
1815261382692028416
1815261383040061440
1815261383543382016
1815261383899873281
1815261385384718337
1815261385481162752
1815261385963487232
1815261386768838657
1815261387616124930
1815261387997757440
1815261388203282432
1815261388786352129
1815261389042122753
1815261389042098176
1815261385485389824
1815261385485344769
1815261385485352961
1815261385963470848
1815261385959333889
1815261390459777024
1815261390459805697
1815261385963569152
1815261385963573249
1815261385963552770
1815261385963573248
1815261385959297025
1815261385963499520
1815261385963491328
1815261385963483136
1815261385963528192
1815261387997790210
1815261387997790208
1815261387997708288
1815261387997806592
1815261388203335680
1815261388207423488
1815261388207493121
1815261390459805696
1815261390459830272
1815261390459842560
1815261390459764736
1815261385959305216
1815261386768793600
1815261387335057408
1815261387339268096
1815261387620315136
1815261388207501312
1815261388207501313
1815261388207489024
1815261388207435776
1815261388207435777
1815261390459834370
1815261390459805698
1815261388207476736
1815261388790517760
1815261390455578625
1815261390459777026
1815261390459817984
1815261384084504576
1815261384084520962
1815261384084520963
1815261384088633344
1815261384088637442
1815261384088674304
1815261384088698880
1815261384088707072
1815261384088707073
1815261384088719360
1815261384088727552
1815261384088735745
1815261388207431681
1815261388790534145
1815261386059976704
1815261386060013568
1815261386060042241
1815261386060054529
1815261386064158720
1815261386064220161
1815261386064220162
1815261386064244736
1815261386059964416
1815261386059972608
1815261386059976705
1815261386059984896
1815261386060021760
1815261386064166912
1815261386064166913
1815261386064248832
1815261386647175169
1815261386647224320
1815261386651357184
1815261386651422720
1815261386647179264
1815261386647228417
1815261386647244800
1815261386647261185
1815261386651373569
1815261386651398144
1815261386768834562
1815261386768838656
1815261382704525312
1815261383035904001
1815261383035932672
1815261385485430785
1815261383035908096
1815261383035863040
1815261385485422593
1815261383040102400
1815261383526653952
1815261385485430784
1815261385485434881
1815261383040151553
1815261383040126976
1815261383035961344
1815261383035928576
1815261384650706945
1815261385380560897
1815261385380519936
1815261385384767488
1815261385380560896
1815261385384714240
1815261392775110656
1815261392775131138
1815261393865547777
1815261393869737984
1815261387616026624
1815261387997720577
1815261392775139331
1815261392775135233
1815261397086834688
1815261397090963456
1815261394217930753
1815261394217922560
1815261386647171072
1815261386651369472
1815261397091053569
1815261397086810113
1815261387616092160
1815261394217906176
1815261392779235328
1815261393085407232
1815261387339206657
1815261387351855105
1815261394217897985
1815261387582521344
1815261396675751936
1815261396675751937
1815261393865592832
1815261393869811712
1815261397325914114
1815261394217893888
1815261390455578626
1815261390459772929
1815261390459842561
1815261390459789312
1815261390459817986
1815261390677897216
1815261390677950464
1815261391013490689
1815261391013507072
1815261391013502976
1815261391017660416
1815261390459817985
1815261390464065537
1815261390677966848
1815261390673690625
1815261390677979136
1815261391013519362
1815261391013412864
1815261391013466112
1815261391013519361
1815261391013466113
1815261391013507073
1815261390673702914
1815261390673788928
1815261391013425152
1815261391017705472
1815261391021907968
1815261395669192705
1815261395669200896
1815261395673346049
1815261395673346048
1815261391869145088
1815261391869067265
1815261395409145857
1815261395409113089
1815261395673399296
1815261395669094400
1815261395669127170
1815261395669204993
1815261395669127169
1815261395669094401
1815261395673358337
1815261395669176320
1815261391869128704
1815261391873294336
1815261392334630912
1815261392334684160
1815261392338812929
1815261392338825216
1815261392334708736
1815261392338870273
1815261392334639104
1815261392775077889
1815261392775110657
1815261392779296768
1815261392779325440
1815261392779333632
1815261392775118848
1815261392775122944
1815261393630674944
1815261393630724097
1815261393630756865
1815261393630748672
1815261393630765056
1815261393630777344
1815261393630670849
1815261393630674945
1815261394217902081
1815261394217906177
1815261394222129152
1815261394222059520
1815261394830262273
1815261395409117184
1815261394930937856
1815261394830331905
1815261392334716929
1815261391013425153
1815261391017684994
1815261394440179712
1815261394440241152
1815261394444464128
1815261394444468224
1815261394444386305
1815261394444472320
1815261394830274561
1815261394834534400
1815261395409088513
1815261395409145858
1815261395673370624
1815261396134752256
1815261391244103681
1815261391248363520
1815261391244152833
1815261391248318464
1815261391244107776
1815261395669135360
1815261395673309184
1815261391248330752
1815261395673358336
1815261390677979137
1815261390673764352
1815261390673756160
1815261390673690624
1815261390677983233
1815261390677970944
1815261391650967553
1815261391650967554
1815261391650983936
1815261391651004416
1815261391651028992
1815261391651033088
1815261391651061760
1815261391651061761
1815261391651065856
1815261391655170048
1815261391655170049
1815261391655174144
1815261391655174145
1815261391655243777
1815261391655256065
1815261391655260160
1815261393630658560
1815261393630670848
1815261393630707713
1815261393630707714
1815261393630707715
1815261393630724096
1815261393630765057
1815261393865609216
1815261394440220672
1815261394440232961
1815261394440273920
1815261394444427264
1815261395409047552
1815261395409080321
1815261395409051649
1815261395409158144
1815261395673346050
1815261395669123073
1815261395669164032
1815261391655202816
1815261391655243776
1815261391655251968
1815261391869063168
1815261391869067264
1815261391869067266
1815261391869091840
1815261391869100032
1815261391869104128
1815261391869104130
1815261391869116416
1815261391869128705
1815261391869140992
1815261391869149184
1815261391869149186
1815261391873310721
1815261393865539584
1815261393865564160
1815261393865580544
1815261393865592833
1815261393865605120
1815261393865633794
1815261393865646080
1815261393869733888
1815261394217869313
1815261394217914368
1815261394217930752
1815261394444414976
1815261394830286848
1815261394830311425
1815261394830290945
1815261395409076224
1815261395409104896
1815261395409158145
1815261395669172226
1815261391017684993
1815261391013453824
1815261392334675970
1815261392334700545
1815261392779313152
1815261392779243520
1815261391013511168
1815261391248367616
1815261391248334848
1815261391650975744
1815261391869116418
1815261391873257472
1815261391869116417
1815261392334675969
1815261393630736384
1815261393630679040
1815261393869778944
1815261394217869314
1815261390677929985
1815261394440245248
1815261395409113090
1815261395409129472
1815261395409068032
1815261395409088514
1815261395409068033
1815261395409129474
1815261392334635009
1815261392334618624
1815261392334635008
1815261392338841600
1815261396130562048
1815261396130562051
1815261392334696448
1815261392334737408
1815261392338911233
1815261392338890752
1815261396134711297
1815261396130476032
1815261396130570240
1815261392338931713
1815261392775081984
1815261392775049216
1815261396134723584
1815261396130516992
1815261396130553856
1815261396130512897
1815261396134658049
1815261396134723586
1815261391013490688
1815261391017701377
1815261391244124160
1815261391244136448
1815261391244165120
1815261391244173313
1815261391244206080
1815261391248297984
1815261394440216576
1815261394444439553
1815261394830233601
1815261394830262272
1815261394830262274
1815261394830303232
1815261394830315520
1815261394880598016
1815261394830233602
1815261394830266368
1815261394830286849
1815261394830290944
1815261394830311426
1815261394830331904
1815261394830344192
1815261394830344193
1815261393085403136
1815261393085431809
1815261393085444096
1815261393085468673
1815261393085505536
1815261393085505537
1815261393085435904
1815261393085440001
1815261393085440002
1815261393085452289
1815261393085472768
1815261393085493248
1815261393085407233
1815261393085423616
1815261393085431808
1815261393085440000
1815261393085464576
1815261393085468672
1815261393085452288
1815261393630679042
1815261393630736385
1815261393630748673
1815261390459830274
1815261390673702913
1815261391248388096
1815261391248338944
1815261391244103680
1815261391252512768
1815261390677925888
1815261391244136449
1815261390677925889
1815261391244144640
1815261390677987329
1815261390677983232
1815261390673772544
1815261395409051648
1815261395409088515
1815261394444398592
1815261394440196096
1815261394444439552
1815261394444386304
1815261396675837954
1815261396675739648
1815261387339296768
1815261387351855104
1815261394217947136
1815261387620298752
1815261396675842049
1815261396675743744
1815261387335049216
1815261387339206656
1815261397325910017
1815261387997736960
1815261392775139329
1815261392775102464
1815261393869811713
1815261393869783040
1815261394217975809
1815261394217947137
1815261396671627264
1815261396675809280
1815261393865543680
1815261393865547776
1815261397325844480
1815261394217902080
1815261396675837953
1815261396675784705
1815261393865564161
1815261393865633793
1815261397325848577
1815261394217897984
1815261396675756032
1815261396675833856
1815261387335016448
1815261387335032832
1815261394217885697
1815261387616124929
1815261396130463744
1815261396675784704
1815261396130504704
1815261396134711299
1815261396134748161
1815261396134735872
1815261399972556800
1815261400236691456
1815261400240951297
1815261400240906244
1815261396675743745
1815261396675842048
1815261396675784706
1815261397091000320
1815261397091053568
1815261400781987840
1815261400786206720
1815261400786210816
1815261400782000128
1815261400786141184
1815261400782053377
1815261400781971456
1815261396130529281
1815261396130541569
1815261397325873152
1815261397325893632
1815261396130512896
1815261396457709569
1815261397321670656
1815261397325877248
1815261396453474304
1815261396453519360
1815261397321654272
1815261397325914112
1815261396453433344
1815261396453531650
1815261397325910016
1815261397325955072
1815261398605213696
1815261398605201409
1815261398605131776
1815261398609416192
1815261398605123584
1815261398605160449
1815261398605193217
1815261398605160450
1815261398605185026
1815261398605201408
1815261398605185025
1815261398605213697
1815261399171354624
1815261399171362817
1815261399171436544
1815261399171346432
1815261399171444736
1815261399171452928
1815261399171362819
1815261399171391488
1815261399972478978
1815261399972528128
1815261399972478977
1815261399972478976
1815261399972528129
1815261399972483072
1815261399976722432
1815261399972560897
1815261400240984064
1815261400240889856
1815261400240996355
1815261400240996354
1815261400240885763
1815261400572264448
1815261400782053376
1815261400786149376
1815261400782024704
1815261401142726656
1815261401142702080
1815261401138503680
1815261401138503681
1815261401138507776
1815261398605123585
1815261399171334145
1815261399171416064
1815261399171424258
1815261399171432448
1815261400236732416
1815261400240906241
1815261400236720128
1815261400240926720
1815261400572317697
1815261400576536577
1815261400781955072
1815261400781955073
1815261397090992128
1815261397086773249
1815261397086801920
1815261397091012610
1815261400572268544
1815261400576446464
1815261400589123584
1815261400572317696
1815261396675821568
1815261400786186240
1815261396453433345
1815261396453519361
1815261396453466114
1815261396453425153
1815261396457697280
1815261396453490688
1815261397325844481
1815261397715922944
1815261397715927040
1815261397715927041
1815261397715931137
1815261397715939328
1815261397715968000
1815261397715968003
1815261397715992576
1815261397715992577
1815261397716008960
1815261397716013057
1815261397716021248
1815261397716021249
1815261397716029441
1815261397720207360
1815261399972450305
1815261399972483073
1815261399972491264
1815261399972507648
1815261399972519936
1815261399972519937
1815261399972548608
1815261399976685568
1815261400236724225
1815261400236802049
1815261400240885762
1815261400240996352
1815261400572313600
1815261400572346370
1815261400572268545
1815261400576512000
1815261400576454657
1815261400786145280
1815261400786165760
1815261397715931136
1815261397715939329
1815261397715939330
1815261397716000768
1815261397716013056
1815261398093398017
1815261398093414400
1815261398093414401
1815261398093418496
1815261398093418497
1815261398093426688
1815261398093426689
1815261398093455360
1815261398093455361
1815261398097674241
1815261398097690624
1815261399339126784
1815261399339163648
1815261399339167746
1815261399339225088
1815261399343382529
1815261399972450304
1815261399972503552
1815261399972532224
1815261400236695553
1815261400236773376
1815261400240918528
1815261400240951296
1815261400572334081
1815261400576536576
1815261400572260352
1815261400576540672
1815261400572334080
1815261400576544768
1815261400572346369
1815261396671610880
1815261397086818305
1815261397086851072
1815261397325881344
1815261397321732096
1815261397321682944
1815261398093410304
1815261398609326082
1815261398814822400
1815261398810689536
1815261398605205504
1815261398814883840
1815261399171452930
1815261399339216896
1815261400576446465
1815261400781987841
1815261396675825664
1815261399171436545
1815261398605193216
1815261398810677250
1815261398810664960
1815261398810664961
1815261400782012417
1815261401142730753
1815261401138466816
1815261398810677248
1815261398814867456
1815261398814887937
1815261398810628096
1815261398810677249
1815261398810632194
1815261398810624000
1815261398810701824
1815261398810693633
1815261398810648577
1815261400782024705
1815261400781996032
1815261398810669056
1815261398810718208
1815261399171424256
1815261399171391489
1815261399171391490
1815261399171424257
1815261401138515968
1815261401138540546
1815261399339126785
1815261399339188225
1815261401138528256
1815261400782012416
1815261401142702081
1815261397325926400
1815261397325864960
1815261399339167745
1815261399343415296
1815261397321691136
1815261399339122689
1815261397325864961
1815261399339208704
1815261399171362818
1815261399171416065
1815261399339220992
1815261399339122688
1815261399343362048
1815261399343419392
1815261399339134976
1815261399339204608
1815261399339188224
1815261399343398913
1815261396453478400
1815261396453531648
1815261398609412097
1815261396453515264
1815261396453466113
1815261398605217793
1815261396453531649
1815261398810632192
1815261396453425152
1815261398810648576
1815261396453437440
1815261396453502977
1815261396453502976
1815261396675743746
1815261398097711104
1815261398097592321
1815261398097711105
1815261398093447168
1815261398093508608
1815261398093496320
1815261401541128192
1815261401700532225
1815261401700581377
1815261401541181440
1815261401700503553
1815261401700573184
1815261401700601858
1815261401700581376
1815261404364001281
1815261404368089089
1815261404363898880
1815261404363972609
1815261404653318145
1815261404653371392
1815261404653318147
1815261404930142208
1815261402048634880
1815261402048696321
1815261405190238208
1815261405194375169
1815261402048638976
1815261403306926081
1815261402052915200
1815261402048667648
1815261402048733184
1815261402610724866
1815261402606530560
1815261402606489600
1815261403306930176
1815261403306942464
1815261403692859393
1815261403688665088
1815261403684413440
1815261404099739649
1815261404099731457
1815261403042762752
1815261403046891521
1815261403046891520
1815261403046973442
1815261403306971137
1815261403688640512
1815261403692834816
1815261405693534209
1815261405697691648
1815261405190189057
1815261405194461186
1815261405190225921
1815261405194444800
1815261405194354691
1815261405693579265
1815261405198667776
1815261405194473473
1815261405710274560
1815261405697699841
1815261405714567168
1815261405693562880
1815261405693595648
1815261405693513729
1815261405693595649
1815261405693579264
1815261405894885378
1815261405890658304
1815261401138556928
1815261401138569218
1815261402610724865
1815261403046903810
1815261404363911169
1815261404649095168
1815261405190225922
1815261405194473472
1815261405190209536
1815261405190258688
1815261401138515969
1815261401142763520
1815261402048704512
1815261402048634882
1815261401138532352
1815261401138569217
1815261402052861954
1815261402052845568
1815261401138540544
1815261401138515970
1815261402052845569
1815261402052874240
1815261401541206018
1815261401541222400
1815261402052870144
1815261402052861952
1815261403042738176
1815261403046903809
1815261403046973441
1815261403046899713
1815261404363972611
1815261404649185281
1815261404649205761
1815261404649213953
1815261404649115648
1815261404653305856
1815261404653318144
1815261404653400064
1815261404649193472
1815261404909162496
1815261404909199360
1815261404909203459
1815261404909178880
1815261404909260800
1815261404909170688
1815261404909203458
1815261404913438720
1815261404925952000
1815261404909252609
1815261404926021632
1815261405693562881
1815261405693513728
1815261405693591552
1815261405693558784
1815261405693497344
1815261405890691072
1815261405899055104
1815261405890621441
1815261403046957056
1815261404368158720
1815261404099661825
1815261404099719168
1815261404368138240
1815261404368195584
1815261404363964416
1815261404363984896
1815261404649107457
1815261404653301760
1815261404909174784
1815261404926001152
1815261405194383360
1815261405693505536
1815261401700532226
1815261402606526464
1815261401700585472
1815261402610778112
1815261402610720770
1815261402606571521
1815261402606489601
1815261402606497792
1815261401138470913
1815261403306917889
1815261404363993088
1815261405194354688
1815261405190180864
1815261401541193730
1815261401541124096
1815261401541132288
1815261401541165056
1815261401541206017
1815261401541156864
1815261402048692224
1815261402048704513
1815261402052886529
1815261402052898817
1815261402275127297
1815261402275143681
1815261402275143682
1815261402275155970
1815261402275164160
1815261402275164161
1815261402275180545
1815261402275188736
1815261402275192832
1815261402275205120
1815261402275221504
1815261402275221505
1815261403692843008
1815261403692900352
1815261404099653633
1815261404099653634
1815261404099706881
1815261404099731458
1815261404099731459
1815261404099739648
1815261404099657729
1815261404099661824
1815261404099706880
1815261404099747840
1815261404653309953
1815261404653379584
1815261404653309952
1815261404653408256
1815261404909228032
1815261404909256704
1815261404909252608
1815261402275123200
1815261402275127296
1815261402275127298
1815261402275151872
1815261402275192833
1815261402275233792
1815261402275233793
1815261402279358465
1815261402606567424
1815261402606583808
1815261402606587904
1815261402610679808
1815261402610692096
1815261402610720768
1815261402610720769
1815261402610745344
1815261403688607744
1815261403688624128
1815261403688677378
1815261403692859392
1815261403697041408
1815261403701207040
1815261403701231616
1815261403701235712
1815261404099641344
1815261404099657728
1815261404099760129
1815261404099760130
1815261404653305857
1815261404653309954
1815261404909162497
1815261404909244416
1815261405190238209
1815261405190258689
1815261405194452992
1815261401704755200
1815261401700610048
1815261401700614144
1815261402048667649
1815261402048675841
1815261402606587905
1815261402606571520
1815261403046928384
1815261403306917888
1815261403306942467
1815261403046985728
1815261403307012098
1815261403692802048
1815261404099719169
1815261404925956096
1815261401541210112
1815261401541210113
1815261401700581378
1815261404363939840
1815261404363882496
1815261404363902976
1815261404363980800
1815261403046989824
1815261403046981632
1815261403046952961
1815261403046899712
1815261403046973440
1815261403042734080
1815261403306983424
1815261403306958848
1815261405903241216
1815261405890625537
1815261403306995712
1815261403306967040
1815261403306926082
1815261403306983425
1815261405693534208
1815261405894832129
1815261405894832130
1815261403306987520
1815261403306967041
1815261403306995714
1815261403688669184
1815261403688677376
1815261404099760128
1815261405697703936
1815261405697703938
1815261401700601857
1815261403042791424
1815261401700532224
1815261403046952960
1815261403306942465
1815261403307012097
1815261403701276672
1815261403688693760
1815261403307024384
1815261405190172672
1815261401541124097
1815261401541128194
1815261401541115905
1815261401541115904
1815261401541222401
1815261401700503554
1815261401700601856
1815261401541206016
1815261401700503552
1815261401700573185
1815261401541193728
1815261401700560896
1815261401700536320
1815261401541181441
1815261404363984897
1815261404363911168
1815261404368089088
1815261404363902977
1815261383530819584
1815261383543451648
1815261383526612994
1815261383543394304
1815261383899881472
1815261383899922432
1815261383899951104
1815261383899877376
1815261387582472192
1815261387578331136
1815261387582578688
1815261387616038912
1815261388207489025
1815261388207431680
1815261388786262016
1815261388786298880
1815261406461038592
1815261406461149185
1815261406461038594
1815261406461059073
1815261406461108224
1815261407375458304
1815261407383859200
1815261406830137344
1815261407253876737
1815261406830247936
1815261406830170114
1815261406830194688
1815261407274766336
1815261407257972736
1815261407253843969
1815261407253843968
1815261407371304960
1815261407371247616
1815261407371264001
1815261409061527553
1815261409061588995
1815261409061535745
1815261409061539843
1815261407257985024
1815261407253778432
1815261407257980928
1815261409061572609
1815261409061511169
1815261409061527552
1815261409061572610
1815261409514557440
1815261409061588993
1815261409065701376
1815261409514528768
1815261405907402752
1815261405890691073
1815261405890625536
1815261405894823937
1815261408042389505
1815261408293965824
1815261406834429952
1815261406830202881
1815261408826654720
1815261408818286593
1815261408818237440
1815261408826662912
1815261408818286594
1815261408835104768
1815261409061511168
1815261409518690306
1815261408042307584
1815261408042397697
1815261408042344448
1815261408042377216
1815261408042405888
1815261408298160130
1815261408293994497
1815261408294064128
1815261408293957632
1815261408298139648
1815261408298156032
1815261408298237952
1815261408298160129
1815261408298258432
1815261408302411777
1815261408818241537
1815261408818257922
1815261408818327554
1815261408042348544
1815261408293994496
1815261408818257920
1815261408818270208
1815261408818257921
1815261408818327553
1815261408818302976
1815261408830902272
1815261408818241536
1815261409061576704
1815261406830178304
1815261406461104128
1815261407371210752
1815261407371317248
1815261407375441921
1815261407379603456
1815261408042344449
1815261408042389506
1815261408042315778
1815261408042385408
1815261408294023168
1815261408298160128
1815261409061617665
1815261409065758720
1815261406297518080
1815261406297554944
1815261406297477121
1815261406297538561
1815261406297546753
1815261406297468928
1815261406297567232
1815261408038191104
1815261408302452736
1815261408818327552
1815261405890666496
1815261406297575426
1815261406297575424
1815261406297559040
1815261406297456640
1815261406297575425
1815261405890637824
1815261405890719744
1815261406461038593
1815261406461042688
1815261406461059072
1815261406461067265
1815261406461079553
1815261406461095936
1815261406461120512
1815261406461149184
1815261407375392768
1815261407379685376
1815261407379685378
1815261407383875584
1815261408042303488
1815261408042307585
1815261408298188801
1815261408298205184
1815261408826716160
1815261408818278400
1815261408826630145
1815261406293291008
1815261406297473025
1815261406297468929
1815261406461079552
1815261406461067264
1815261406830141441
1815261406830206976
1815261407253860352
1815261408294043650
1815261406293319680
1815261406461104129
1815261407375409152
1815261408042299392
1815261408042397696
1815261408042369025
1815261408042287104
1815261406830157824
1815261406830170112
1815261406830141440
1815261406830235650
1815261407258071040
1815261407258038272
1815261407253794817
1815261407258062848
1815261407258009600
1815261407253819392
1815261407253815296
1815261409061605376
1815261409061564416
1815261407258066944
1815261407253794816
1815261407258013696
1815261407383900160
1815261407379681280
1815261407375441920
1815261407375405056
1815261407375421441
1815261409518731264
1815261409061507073
1815261409061507074
1815261409061548032
1815261407375499264
1815261408042315776
1815261407258054656
1815261408042389504
1815261409065811969
1815261406297546752
1815261406297473024
1815261406830235649
1815261406830137345
1815261406830219265
1815261406830235648
1815261406297477120
1815261406297538560
1815261408294035456
1815261408298196993
1815261406461087744
1815261406461042689
1815261406461075456
1815261406830219264
1815261406830166017
1815261406830166016
1815261383899922433
1815261383899914240
1815261383899979776
1815261383899918336
1815261383899938819
1815261383899951105
1815261383899938818
1815261383899914241
1815261387616026625
1815261387616043008
1815261387620327424
1815261387582562304
1815261388207493120
1815261388207529984
1815261388790464512
1815261388790505472
1815261409682325505
1815261410185609216
1815261411620081666
1815261409682354177
1815261409682337793
1815261409682366464
1815261409682350081
1815261410181496832
1815261410185687040
1815261410185695233
1815261410185658368
1815261410185596929
1815261410185633792
1815261410181439489
1815261410185609218
1815261410382823424
1815261410382712833
1815261410382782464
1815261410378551296
1815261410382733312
1815261410378575873
1815261410382712832
1815261410382741505
1815261410378629120
1815261410995146752
1815261411620028418
1815261411620077568
1815261411620028417
1815261411620081667
1815261411620122624
1815261411620028416
1815261411620069377
1815261411620093953
1815261411620134913
1815261411620126722
1815261411892764672
1815261411892682752
1815261411892723714
1815261411896852480
1815261411892699138
1815261411892699137
1815261409518735360
1815261409514541057
1815261409682272256
1815261409682259969
1815261410995101696
1815261411225817088
1815261410185596928
1815261410185695232
1815261410181439488
1815261410185613312
1815261417924112384
1815261417924141056
1815261417924149249
1815261417924177920
1815261425046028288
1815261425046097920
1815261411225837569
1815261411225833472
1815261411225858048
1815261411620077569
1815261411892736000
1815261411892666369
1815261409682268160
1815261409682329600
1815261410181419008
1815261410185605121
1815261410181468160
1815261410185662464
1815261410181414912
1815261410185691136
1815261410378584065
1815261410382733314
1815261410378596352
1815261410387013632
1815261410378600448
1815261410995191809
1815261410378600449
1815261410382770176
1815261410995163136
1815261410990891008
1815261410990968833
1815261411225772032
1815261411225772033
1815261411225767936
1815261411225837568
1815261411225804800
1815261411225788416
1815261411225849856
1815261411225808896
1815261411225796608
1815261411225817089
1815261411620126720
1815261410990944256
1815261409682325504
1815261410185687041
1815261410378588160
1815261410382811138
1815261410382819328
1815261410990907392
1815261410990968832
1815261410990891009
1815261410995118080
1815261411225796609
1815261411225833474
1815261411620122625
1815261411620081664
1815261409682337792
1815261409682309120
1815261409682366465
1815261409682309121
1815261409682300928
1815261410995118081
1815261411225808897
1815261411225833473
1815261409514541056
1815261409518759936
1815261409518690304
1815261409518694400
1815261409518731266
1815261409518747648
1815261411225772034
1815261411225800704
1815261409682350080
1815261410990919681
1815261411615924225
1815261411620126721
1815261411620093952
1815261411620106240
1815261410990915584
1815261410990919680
1815261410382741504
1815261411620069376
1815261410995191808
1815261405890699264
1815261405890707456
1815261405894885379
1815261405894914049
1815261409514487809
1815261409514594305
1815261409518690305
1815261409518690307
1815261409518706688
1815261409518723073
1815261409518747649
1815261409518759937
1815261411892662273
1815261411892662274
1815261411892666370
1815261411892682753
1815261411892703232
1815261411892736002
1815261411892752385
1815261411896852481
1815261414908379137
1815261414912614400
1815261414912618496
1815261414912675840
1815261417924124672
1815261417924169729
1815261417924182016
1815261417928376321
1815261422063857664
1815261422063865858
1815261422063910912
1815261422063935488
1815261409682354176
1815261409682268162
1815261409682259968
1815261409682276352
1815261410995081218
1815261410990936065
1815261410995150848
1815261410995109888
1815261414228905984
1815261412618350592
1815261412614127616
1815261414228987905
1815261412618362880
1815261412618321922
1815261412614144000
1815261412614168578
1815261412823908352
1815261412828098560
1815261412828008449
1815261412828049409
1815261412828045312
1815261412618321920
1815261412618301440
1815261412618272768
1815261412618379264
1815261412618321921
1815261412618285056
1815261412630855680
1815261412618289152
1815261412618301443
1815261414228971521
1815261412828024833
1815261412828102656
1815261412828008448
1815261414224748544
1815261414224793600
1815261414224789504
1815261414224805889
1815261414233108481
1815261414698749952
1815261414702952448
1815261415176835072
1815261414698758146
1815261414698749953
1815261414224752642
1815261414224801792
1815261414224805890
1815261414698684416
1815261414702960640
1815261412156985344
1815261412618391552
1815261412828045314
1815261413671043072
1815261413956272130
1815261413956255744
1815261413956362241
1815261413952159745
1815261414698729472
1815261414698758145
1815261414702903297
1815261414702886912
1815261413671092224
1815261413671055360
1815261413671043074
1815261413666955264
1815261413671096320
1815261413666926593
1815261413671055362
1815261413956272128
1815261413956255745
1815261413956268032
1815261413956284416
1815261413956345856
1815261413956268033
1815261413956321281
1815261413956272131
1815261414233165824
1815261414224723968
1815261414224707584
1815261414224752640
1815261414224752641
1815261414224793601
1815261414224801793
1815261414233194496
1815261414229000192
1815261413956304898
1815261412614197248
1815261413671067648
1815261412828024832
1815261412156973056
1815261412156932096
1815261412156940289
1815261412156944386
1815261412614078464
1815261412823855104
1815261412828016642
1815261412828016643
1815261412156907520
1815261412828090369
1815261412156985345
1815261413956362240
1815261413956354048
1815261412156923905
1815261412614156288
1815261412156903424
1815261412156936192
1815261412156968960
1815261412156973057
1815261412156932097
1815261412156944384
1815261412156952576
1815261412161097729
1815261412156923904
1815261412156936193
1815261412156944385
1815261412618293249
1815261411892707328
1815261411892727809
1815261411892727808
1815261411896901632
1815261412156952577
1815261412828049408
1815261412828090368
1815261412828016641
1815261412828069888
1815261412828073984
1815261412828045313
1815261413176119297
1815261413176147968
1815261413176152064
1815261413176160256
1815261413176184834
1815261413176229888
1815261413180334081
1815261413180342273
1815261413956321280
1815261413956333568
1815261413956349952
1815261413960450048
1815261414698721280
1815261414702944256
1815261413176123392
1815261413176152065
1815261413176188928
1815261413180317696
1815261413180362752
1815261413180383232
1815261413180424192
1815261413180424193
1815261413666914306
1815261413671055361
1815261413671084032
1815261413671120897
1815261414702874624
1815261414702899200
1815261413176168449
1815261413176184833
1815261413180334080
1815261413180370944
1815261413666856960
1815261413666918400
1815261413671067649
1815261413671137280
1815261413666918401
1815261413666955265
1815261413671067650
1815261413956284417
1815261414707056640
1815261415197790208
1815261415503994880
1815261415503970305
1815261415503953921
1815261417689276416
1815261415503966210
1815261416024137728
1815261415504019457
1815261415504019458
1815261415713693696
1815261415717875712
1815261417689296900
1815261415717863425
1815261415713746945
1815261416019955712
1815261417689305089
1815261417685090305
1815261417689206785
1815261416024047616
1815261416510652416
1815261417685090304
1815261417689305088
1815261417689288704
1815261416510603266
1815261416510607361
1815261416510599168
1815261417924141057
1815261417689243649
1815261417924149248
1815261415504060417
1815261415504031744
1815261415504044032
1815261415504048128
1815261417924071424
1815261417928298496
1815261417924169728
1815261417924100096
1815261417924124673
1815261417924104192
1815261417928343552
1815261414908461056
1815261414908448768
1815261414912667648
1815261414908461058
1815261415504007168
1815261415503966208
1815261416732971008
1815261415504003072
1815261415503953920
1815261415504060416
1815261415713738753
1815261415713710083
1815261415713722368
1815261416732921856
1815261416732921857
1815261416732893184
1815261416732909569
1815261416732925953
1815261415713722369
1815261416024104961
1815261416024166401
1815261416019881985
1815261416510693376
1815261416510615554
1815261416510603264
1815261416510664704
1815261416732909568
1815261416732893185
1815261416732938240
1815261416737103872
1815261416732930048
1815261416732958721
1815261417408188416
1815261417408266241
1815261417404063744
1815261417689214976
1815261417689268225
1815261417408266240
1815261417408196608
1815261417408286721
1815261417404092417
1815261417689288705
1815261417689214977
1815261417689296896
1815261417689202690
1815261414908383232
1815261417408225280
1815261414912659456
1815261416732917760
1815261416737083392
1815261414698729473
1815261414698680320
1815261414702956544
1815261414908461057
1815261416510664707
1815261417408278528
1815261417404030976
1815261417408270336
1815261414912618497
1815261416024068096
1815261414912638976
1815261414912659457
1815261414912667649
1815261414912671744
1815261416732930049
1815261417403985920
1815261417403990018
1815261417408188417
1815261414912638977
1815261414908465152
1815261414908420096
1815261414912585729
1815261416737148928
1815261416737124352
1815261416732954625
1815261416732958722
1815261415503966209
1815261415504048129
1815261417689206786
1815261417924153344
1815261415504003073
1815261415713763328
1815261417689268224
1815261417689202688
1815261415504003074
1815261415504023552
1815261417685082113
1815261417689243648
1815261415713677312
1815261415713710080
1815261415713718272
1815261415713734656
1815261415713738752
1815261415713746944
1815261415717863424
1815261415717875713
1815261416510586881
1815261416510607360
1815261416510615552
1815261416510652417
1815261417408258048
1815261417408286720
1815261415717912576
1815261415717928960
1815261415717969920
1815261416019881984
1815261416019935232
1815261416024064000
1815261416024137729
1815261416024150016
1815261416510586880
1815261416510636032
1815261416510705665
1815261416514797568
1815261417404035072
1815261417404071936
1815261416019873792
1815261416019914752
1815261416019943424
1815261416019951616
1815261416019963904
1815261416019972096
1815261416024059904
1815261416024104960
1815261416510636033
1815261416510693377
1815261416510705664
1815261416732925952
1815261417403990017
1815261417408184321
1815261418205204481
1815261418490331136
1815261418486140928
1815261418486140930
1815261418779758594
1815261418783899648
1815261418486161408
1815261419387920384
1815261418486161409
1815261418490380288
1815261418779746304
1815261418779721728
1815261419387883520
1815261419387932672
1815261419387924482
1815261419387924480
1815261419387953154
1815261419387924483
1815261419387973633
1815261421061414913
1815261421061431297
1815261421061451777
1815261421506023426
1815261421506113536
1815261421506105344
1815261421506019329
1815261421506084865
1815261421506093056
1815261421581533184
1815261421585756161
1815261421581520896
1815261421581582338
1815261421581611008
1815261421581586432
1815261421585756160
1815261422063964161
1815261422063861761
1815261422063845376
1815261422063857665
1815261422063861762
1815261422063874048
1815261422063894528
1815261422063943680
1815261418486222848
1815261418486185984
1815261418486136832
1815261418486214656
1815261418490408960
1815261418490380289
1815261418490417152
1815261419681488896
1815261419681484800
1815261419681525762
1815261419954130944
1815261418779758592
1815261418779795456
1815261418779770881
1815261418783993856
1815261418783989760
1815261418779717632
1815261419954212865
1815261419962613760
1815261419954139136
1815261419387904000
1815261419387887616
1815261419387920385
1815261419387912192
1815261419387887617
1815261419387944960
1815261420734361600
1815261420197416960
1815261420201607168
1815261419387920386
1815261419954130945
1815261419958415360
1815261419962589184
1815261420197453825
1815261420197466112
1815261420201619456
1815261420197437440
1815261420725977088
1815261420197412865
1815261420201676800
1815261420197494785
1815261420197453824
1815261420507824128
1815261420507803650
1815261420507766784
1815261420507832320
1815261420507828227
1815261420507766785
1815261420507799552
1815261420507865089
1815261420507852800
1815261420507783168
1815261420507795458
1815261421061513216
1815261421061476353
1815261421061459968
1815261421061447682
1815261421061451776
1815261421506023425
1815261421506113540
1815261421501923328
1815261421506060290
1815261421510258689
1815261421585756162
1815261421581537280
1815261421581619200
1815261419681513472
1815261419681525760
1815261419681554433
1815261419681517569
1815261419698294784
1815261420197416961
1815261420201594880
1815261420507795456
1815261420507803651
1815261419681554432
1815261419954167809
1815261419954208768
1815261419954200578
1815261421061472257
1815261421061513217
1815261421061443584
1815261421061414912
1815261421061431296
1815261421061472256
1815261421506019328
1815261421501898752
1815261418490318848
1815261420201660416
1815261419958321152
1815261419958366208
1815261418205106176
1815261417924100097
1815261417924071425
1815261418205085698
1815261418205102080
1815261419387985920
1815261420507795457
1815261419387953152
1815261418486190080
1815261418486222849
1815261418486165504
1815261418486218752
1815261421585809408
1815261418205097984
1815261418205085696
1815261418205114368
1815261418205134848
1815261418205175808
1815261418205196288
1815261418205204480
1815261418486124544
1815261418490384384
1815261420197400576
1815261420197490689
1815261420197494784
1815261420201619457
1815261420507762688
1815261420507811840
1815261421506064384
1815261421506117632
1815261421585797120
1815261421585813504
1815261422063861760
1815261418205167617
1815261418205085697
1815261418205085699
1815261418205114369
1815261418205114370
1815261418205143040
1815261418205167616
1815261418205184000
1815261418209329152
1815261419954139137
1815261419954200577
1815261419954229248
1815261419958419456
1815261420507828226
1815261420507852801
1815261421506019330
1815261421506101250
1815261421585731584
1815261421602582528
1815261422063902720
1815261420507828224
1815261420507865088
1815261419954167808
1815261419954171904
1815261419958386689
1815261419954212864
1815261420197441536
1815261421506121728
1815261418779705345
1815261418779783169
1815261421581586433
1815261422063902721
1815261418779717633
1815261418779803648
1815261421506101248
1815261421581582337
1815261418779754496
1815261418779758593
1815261421581529088
1815261421581557761
1815261418779770880
1815261418784006145
1815261418779783168
1815261418784006144
1815261419173978114
1815261419173982208
1815261419173994497
1815261419174047745
1815261419174064128
1815261419178217472
1815261419681505283
1815261419681513473
1815261419685683200
1815261419685711872
1815261421061410816
1815261421061480448
1815261421506084864
1815261421585780736
1815261419173978112
1815261419173978113
1815261419174010880
1815261419174035456
1815261419174076416
1815261419178164224
1815261419178176513
1815261419178205184
1815261419681542144
1815261419681566720
1815261419681566721
1815261419681595392
1815261421057249280
1815261421061500928
1815261419173994498
1815261419178188800
1815261419178213376
1815261419178213377
1815261419178233856
1815261419178258432
1815261419387916288
1815261419387949056
1815261419387973632
1815261419681517568
1815261419681595393
1815261419685699584
1815261421061439488
1815261421061447680
1815261422500139008
1815261422768599042
1815261422768492544
1815261422768521217
1815261422768533504
1815261422768513025
1815261422768603136
1815261424823762944
1815261424827969536
1815261422768521216
1815261422768599040
1815261423527669760
1815261423544553472
1815261423527686145
1815261423531917312
1815261423531851777
1815261423527706624
1815261423527747584
1815261424823697408
1815261424823697409
1815261425041874944
1815261425041858560
1815261425046114304
1815261424823709697
1815261424827940864
1815261424823762945
1815261425041887232
1815261425046032385
1815261424500830209
1815261424500760576
1815261425046016000
1815261425041915904
1815261425046056960
1815261425046106112
1815261425046097921
1815261425046097923
1815261422768562176
1815261422768513024
1815261422768549889
1815261422768562177
1815261422768590848
1815261423540297728
1815261423913607168
1815261423913574400
1815261423930355712
1815261422768574464
1815261423527735297
1815261423930380288
1815261423913627648
1815261423527677952
1815261423531970560
1815261423531872256
1815261423913586688
1815261423930318848
1815261424500760578
1815261424500805632
1815261424500736000
1815261424500830208
1815261424500785152
1815261424500776960
1815261424823795713
1815261424828010496
1815261424500776961
1815261424500805633
1815261424500842496
1815261424504971264
1815261424827908096
1815261424500801537
1815261422500106241
1815261424265891841
1815261423913598976
1815261424500760577
1815261422500098048
1815261422500085760
1815261422063964162
1815261422063927296
1815261422768533505
1815261422768574465
1815261424270159873
1815261423527686144
1815261422500167680
1815261422500057089
1815261424265912320
1815261424270159872
1815261422063845377
1815261422063865856
1815261422063894529
1815261422500057088
1815261422500077569
1815261422500077570
1815261422500089856
1815261422500126720
1815261422504361984
1815261423930351616
1815261424270151680
1815261424270159874
1815261424270163968
1815261424265900032
1815261424270135296
1815261424823709698
1815261424823726080
1815261424823746560
1815261424823709696
1815261425046032386
1815261422500061184
1815261422500061185
1815261422500089857
1815261422500093952
1815261422500093953
1815261422500106240
1815261422504271873
1815261422504321024
1815261424265891842
1815261424270053377
1815261424270110721
1815261424270110722
1815261424270082048
1815261424270110720
1815261424823787520
1815261424827998208
1815261424823795712
1815261425046069248
1815261425041887233
1815261424270082049
1815261424270053376
1815261423913603072
1815261424265969664
1815261423913537536
1815261424265900033
1815261424265891840
1815261424823717888
1815261422768525312
1815261422772686848
1815261424823803904
1815261424823816192
1815261422768549888
1815261422768603137
1815261425041833984
1815261425046110208
1815261423062093824
1815261423062097920
1815261423062114304
1815261423062114305
1815261423062114306
1815261423062122496
1815261423062122498
1815261423062134784
1815261423062134785
1815261423062159360
1815261423062159362
1815261423062163456
1815261423062192128
1815261423062192129
1815261423074709504
1815261423074746368
1815261423909347328
1815261423913566208
1815261423913570304
1815261423913627649
1815261423913639936
1815261423930347520
1815261423930384384
1815261423930404864
1815261424500801536
1815261424500813824
1815261424500781056
1815261424500785153
1815261423062122497
1815261423062126592
1815261423062175744
1815261423074758656
1815261423527677953
1815261423527776256
1815261423544451072
1815261423544483840
1815261423527669761
1815261423527735296
1815261423531851776
1815261423913578496
1815261424500813825
1815261424504979456
1815261428078559232
1815261425956245504
1815261425956220928
1815261425956245505
1815261426098778113
1815261425956220929
1815261425960378369
1815261426686046208
1815261426686009344
1815261426686017538
1815261428078579713
1815261428489592832
1815261426686017536
1815261426690203648
1815261426686033921
1815261426690240512
1815261426686074880
1815261427847905282
1815261428078596096
1815261428074393600
1815261428078575616
1815261428078575617
1815261428489580548
1815261428489601027
1815261428489621505
1815261428489539584
1815261428489601025
1815261428766404608
1815261428766441473
1815261428074311681
1815261428078538752
1815261428078579712
1815261428078505985
1815261428489605122
1815261428489555968
1815261428489576449
1815261428489576448
1815261425956192256
1815261425956241408
1815261425956229120
1815261426098864128
1815261426916737025
1815261426929266689
1815261426912481281
1815261426912575488
1815261425960386560
1815261425956274176
1815261426686021632
1815261426916765697
1815261426098876417
1815261426686021633
1815261426916712448
1815261426912489472
1815261426912522241
1815261427327807488
1815261427323539456
1815261427327799296
1815261427323559937
1815261427323559936
1815261427327799297
1815261427323584513
1815261427554242560
1815261427554254850
1815261427550044160
1815261427554205697
1815261427550011392
1815261427550101504
1815261427554295808
1815261427554242561
1815261427554238464
1815261427550085120
1815261427550048256
1815261427550093313
1815261427852005376
1815261427847872512
1815261427852103681
1815261427847905280
1815261427852070912
1815261427847892993
1815261427847811072
1815261427852099585
1815261428074381312
1815261428074303489
1815261428078505986
1815261428078567424
1815261428078489600
1815261427852017664
1815261425956204544
1815261427323564032
1815261426916712449
1815261428078534656
1815261425402564608
1815261425402552320
1815261427323531265
1815261425520066560
1815261425587175424
1815261427550072832
1815261427550093314
1815261425956233217
1815261425402605568
1815261425956184064
1815261427550007296
1815261425402515456
1815261425398325248
1815261425398349824
1815261425398353921
1815261425398362112
1815261425398423552
1815261425402535936
1815261425402580993
1815261425402617856
1815261427323539457
1815261427323584512
1815261427327782912
1815261427327811584
1815261427550035968
1815261427554230272
1815261428078567425
1815261428078596097
1815261428489580547
1815261428489629696
1815261428489621504
1815261425398341632
1815261425398370304
1815261425398386688
1815261425398390784
1815261425402519552
1815261425402552321
1815261425402585088
1815261425402585089
1815261427323535360
1815261427327717376
1815261427327717377
1815261427327799298
1815261427549995008
1815261427554201600
1815261427847827458
1815261427852042240
1815261428489601026
1815261428489564160
1815261428980326400
1815261427550085121
1815261428489633793
1815261428766461952
1815261426912559104
1815261427327807489
1815261426912542720
1815261427327815680
1815261427327758336
1815261427847892992
1815261425956163584
1815261425956196352
1815261425956233216
1815261425956274177
1815261427852046336
1815261428078493696
1815261428489551872
1815261428489633792
1815261425956163585
1815261425956261888
1815261428078505984
1815261428980285440
1815261425956270080
1815261426098868225
1815261426685968384
1815261426685976576
1815261426685980672
1815261426685992961
1815261426690174976
1815261426690187264
1815261426690256896
1815261426912563200
1815261426912571392
1815261426912579585
1815261426933534720
1815261427852095488
1815261427852103680
1815261426094600192
1815261426094653440
1815261426098765824
1815261426098823168
1815261426098823169
1815261426098823170
1815261426098827264
1815261426098868224
1815261426685968385
1815261426690232320
1815261426690256897
1815261426912550912
1815261427847827457
1815261427847872513
1815261426094661632
1815261426098778112
1815261426098786304
1815261426098794496
1815261426098847745
1815261426098864129
1815261426098876416
1815261426098884608
1815261426912518144
1815261426912542721
1815261426916757504
1815261426916765696
1815261427847827456
1815261427852095490
1815261428766371842
1815261431270359040
1815261431274614785
1815261431740162048
1815261431740186624
1815261431740215296
1815261431744409600
1815261431933091840
1815261431933054977
1815261429571670016
1815261431937286144
1815261431933136897
1815261431937236992
1815261431937261568
1815261431937261569
1815261431756980224
1815261431744356352
1815261431740125185
1815261431744331776
1815261431933050881
1815261431937290241
1815261431937236993
1815261431933091841
1815261429571710976
1815261429571768321
1815261429571768320
1815261429571706881
1815261430075015168
1815261430498689024
1815261430494412800
1815261429810769921
1815261429810749441
1815261430494425088
1815261430502875136
1815261430075035648
1815261430075006976
1815261430498619392
1815261430498672640
1815261430804869120
1815261430800658434
1815261430804774912
1815261430800670720
1815261430800592897
1815261430804774914
1815261431270354945
1815261431270395905
1815261431270354946
1815261431274614784
1815261431270342657
1815261431270342656
1815261430800674816
1815261430804828160
1815261430800629761
1815261430800596994
1815261430800678912
1815261431270395904
1815261431274577920
1815261431270383617
1815261431744401408
1815261431740207104
1815261431744327680
1815261431270391808
1815261429571731456
1815261430800687105
1815261428766445568
1815261430507057152
1815261428766404609
1815261428766425088
1815261430804840450
1815261429575901184
1815261429571760128
1815261430502866944
1815261428766359552
1815261428766363649
1815261428766371841
1815261428766400513
1815261428766400514
1815261428766425090
1815261428766433280
1815261428766441474
1815261428770598913
1815261430494396417
1815261430498603009
1815261430498611200
1815261430502834177
1815261430800646146
1815261430800687104
1815261431270432770
1815261431740125184
1815261431740133376
1815261431740219392
1815261431937277953
1815261428766363648
1815261428766363650
1815261428766457856
1815261429571678208
1815261429571747840
1815261429571747841
1815261429571764224
1815261429571764225
1815261430502785024
1815261430502813696
1815261430506979328
1815261430507028480
1815261430800592896
1815261430804774913
1815261431740190720
1815261431744417792
1815261431937314816
1815261431937277952
1815261431937290240
1815261430347608064
1815261430800670721
1815261431933050882
1815261431933149184
1815261428766441472
1815261429575905280
1815261430502850561
1815261430800629762
1815261431744360448
1815261430075072512
1815261430800658435
1815261431937302528
1815261429571665920
1815261429571739648
1815261431270350848
1815261431744413696
1815261429571678209
1815261429571739649
1815261431744385024
1815261431740203008
1815261429571706882
1815261429575946240
1815261431933112320
1815261431937306624
1815261429806563328
1815261429806567425
1815261429806600193
1815261429806600194
1815261429806632960
1815261429810728960
1815261429810749440
1815261429810769920
1815261430074978304
1815261430075006977
1815261430075015169
1815261430075031553
1815261431270432769
1815261431270432771
1815261429806567424
1815261429806592000
1815261429806645248
1815261429810728961
1815261429810733056
1815261429810733057
1815261429810786304
1815261429810827265
1815261430079176704
1815261430079254529
1815261430460862464
1815261430515384320
1815261431270436864
1815261431270449152
1815261429806616576
1815261429810827264
1815261430074966017
1815261430074966018
1815261430075019265
1815261430075031555
1815261430075056128
1815261430075060224
1815261430074974208
1815261430075019266
1815261430075043840
1815261430075043841
1815261431270408193
1815261431270412288
1815261432289574913
1815261432289656833
1815261432499384320
1815261432289640448
1815261432285462528
1815261432289579008
1815261432289607680
1815261432499359744
1815261432499355649
1815261432495190016
1815261432495194112
1815261432499335168
1815261432289648640
1815261432289570816
1815261432495116289
1815261432499294209
1815261432499294208
1815261432289669121
1815261432289669120
1815261432289558528
1815261432495112192
1815261432289615872
1815261432289574912
1815261432499302400
1815261432289677313
1815261432289570817
1815261432289587200
1815261432499392512
1815261432495136769
1815261432289579009
1815261432289656834
1815261432495116290
1815261432499376128
1815261432289677312
1815261432293765120
1815261432499306496
1815261432499355648